0 0 0
0 1 12
0 2 39
0 4 0
0 8 0
0 9 0
0 10 2
0 11 0
0 12 0
0 13 0
0 14 27
0 16 0
0 17 0
0 18 16
0 20 24
0 23 0
0 24 7
0 25 0
0 27 0
0 29 0
0 30 117
0 32 0
0 33 0
0 35 64
0 37 0
0 38 0
0 40 0
0 41 6
0 44 24
0 45 0
0 47 0
0 48 0
0 49 0
0 50 1
0 52 0
0 55 0
0 57 0
0 58 17
0 59 139
0 60 9
0 62 0
0 63 8
0 64 0
0 65 18
0 66 1
0 69 12
0 72 78
0 74 0
0 75 0
0 76 0
0 77 0
0 79 42
0 80 0
0 81 26
0 84 0
0 86 1
0 87 0
0 90 0
0 91 0
0 92 0
0 94 5
0 96 46
0 98 0
0 99 35
1 2 0
1 4 0
1 6 3
1 7 0
1 8 12
1 9 69
1 10 10
1 12 0
1 15 20
1 16 0
1 17 24
1 18 0
1 19 0
1 20 11
1 22 0
1 23 0
1 24 10
1 26 26
1 27 22
1 30 17
1 31 0
1 32 6
1 36 0
1 40 59
1 41 0
1 42 0
1 43 24
1 44 33
1 46 0
1 47 21
1 48 5
1 50 0
1 51 25
1 52 21
1 54 0
1 55 0
1 57 0
1 59 0
1 60 4
1 61 17
1 62 40
1 63 31
1 64 0
1 65 4
1 66 0
1 67 31
1 69 0
1 70 0
1 71 0
1 72 45
1 74 0
1 75 0
1 77 14
1 79 0
1 80 31
1 82 18
1 83 0
1 84 7
1 85 9
1 86 0
1 87 19
1 88 0
1 89 0
1 90 26
1 91 0
1 92 0
1 94 72
1 95 0
1 97 21
1 98 0
2 2 3
2 3 6
2 4 0
2 5 11
2 6 0
2 8 38
2 9 0
2 10 9
2 11 0
2 13 12
2 16 0
2 17 0
2 19 0
2 21 22
2 23 9
2 25 0
2 26 6
2 27 0
2 33 0
2 34 0
2 35 0
2 36 0
2 37 0
2 38 39
2 40 21
2 41 0
2 46 8
2 49 1
2 51 56
2 52 9
2 53 0
2 55 0
2 56 17
2 57 4
2 61 0
2 62 0
2 63 13
2 64 0
2 65 0
2 66 0
2 67 37
2 68 1
2 70 0
2 72 0
2 74 0
2 75 8
2 76 32
2 77 17
2 78 0
2 79 0
2 80 0
2 81 31
2 84 0
2 87 5
2 88 17
2 89 46
2 90 4
2 91 0
2 92 24
2 93 0
2 94 15
2 95 0
2 96 2
2 97 0
2 99 0
3 0 0
3 2 0
3 4 25
3 5 0
3 6 13
3 7 0
3 9 13
3 10 9
3 11 0
3 13 0
3 17 0
3 18 20
3 19 0
3 21 28
3 22 10
3 24 0
3 26 0
3 27 14
3 28 0
3 29 15
3 30 0
3 31 3
3 32 0
3 33 0
3 35 5
3 36 12
3 38 10
3 39 14
3 40 0
3 41 0
3 42 0
3 43 49
3 44 43
3 45 0
3 46 0
3 47 75
3 48 7
3 53 0
3 54 0
3 56 10
3 57 33
3 58 2
3 59 21
3 61 8
3 63 0
3 64 0
3 65 0
3 68 28
3 70 21
3 72 16
3 73 0
3 76 0
3 79 0
3 80 54
3 81 19
3 85 0
3 88 0
3 90 9
3 91 16
3 93 11
3 94 0
3 95 12
3 96 0
3 98 0
4 0 30
4 1 27
4 3 0
4 4 6
4 6 9
4 7 45
4 8 0
4 10 15
4 11 19
4 12 36
4 14 0
4 15 0
4 18 0
4 19 0
4 21 19
4 22 0
4 23 0
4 24 17
4 28 7
4 29 38
4 30 0
4 31 0
4 32 0
4 33 44
4 34 16
4 37 32
4 38 0
4 40 85
4 45 19
4 47 13
4 49 0
4 50 27
4 51 0
4 52 15
4 53 0
4 54 59
4 56 0
4 57 0
4 58 8
4 59 11
4 61 0
4 64 21
4 65 0
4 66 0
4 68 14
4 69 47
4 71 0
4 73 0
4 74 2
4 77 0
4 78 102
4 79 0
4 80 0
4 81 0
4 83 0
4 86 43
4 87 0
4 88 1
4 92 32
4 93 0
4 94 0
4 95 54
4 96 44
4 97 10
4 98 0
4 99 0
5 1 0
5 3 0
5 4 17
5 6 0
5 11 0
5 13 16
5 14 0
5 17 0
5 18 0
5 19 0
5 20 7
5 23 0
5 24 0
5 25 10
5 26 0
5 27 9
5 28 15
5 29 35
5 31 0
5 32 0
5 33 0
5 35 38
5 37 0
5 38 0
5 40 19
5 41 0
5 43 18
5 44 69
5 46 39
5 47 0
5 48 31
5 49 0
5 50 0
5 51 104
5 52 23
5 53 0
5 54 0
5 55 0
5 56 11
5 57 0
5 58 10
5 59 24
5 60 1
5 61 0
5 63 22
5 65 29
5 66 9
5 68 9
5 69 0
5 71 8
5 72 0
5 73 14
5 75 0
5 76 0
5 78 13
5 79 0
5 80 18
5 84 11
5 85 41
5 86 0
5 87 28
5 88 0
5 89 27
5 90 42
5 91 0
5 94 26
5 96 1
5 98 0
5 99 0
6 0 0
6 1 0
6 3 0
6 4 21
6 6 17
6 9 23
6 10 0
6 11 0
6 12 5
6 13 0
6 14 79
6 15 40
6 17 1
6 18 0
6 19 6
6 20 0
6 21 0
6 22 9
6 24 0
6 25 0
6 26 1
6 27 0
6 28 0
6 31 0
6 32 13
6 33 7
6 34 42
6 36 14
6 37 0
6 38 0
6 41 0
6 42 14
6 46 0
6 47 24
6 48 5
6 49 0
6 50 0
6 51 9
6 52 0
6 53 59
6 54 0
6 55 0
6 56 42
6 57 0
6 58 12
6 59 6
6 60 2
6 61 17
6 62 0
6 64 18
6 65 0
6 68 67
6 71 10
6 72 0
6 76 21
6 77 73
6 78 15
6 79 0
6 80 0
6 81 0
6 82 0
6 83 7
6 84 87
6 87 0
6 88 0
6 89 0
6 93 14
6 94 0
6 95 0
6 96 39
6 97 0
6 98 1
6 99 64
7 0 0
7 1 0
7 2 16
7 3 0
7 5 0
7 8 0
7 9 10
7 10 0
7 11 6
7 12 0
7 13 62
7 14 18
7 15 24
7 17 15
7 18 19
7 19 6
7 20 26
7 22 0
7 23 0
7 24 0
7 25 0
7 26 73
7 27 0
7 28 0
7 29 32
7 31 0
7 32 67
7 34 52
7 35 25
7 38 0
7 40 0
7 41 0
7 42 0
7 43 18
7 44 42
7 45 2
7 46 0
7 47 0
7 48 0
7 49 0
7 51 11
7 55 8
7 56 7
7 58 0
7 59 48
7 60 0
7 61 9
7 63 0
7 65 24
7 68 11
7 70 5
7 72 37
7 75 20
7 78 0
7 79 0
7 82 0
7 83 0
7 85 40
7 88 30
7 90 0
7 91 0
7 95 0
7 96 0
7 98 15
7 99 15
8 0 0
8 1 15
8 2 47
8 4 3
8 6 13
8 7 0
8 8 16
8 11 0
8 12 0
8 13 24
8 14 24
8 16 14
8 17 21
8 18 13
8 20 0
8 21 8
8 22 0
8 23 0
8 25 0
8 26 32
8 27 0
8 30 0
8 31 0
8 32 54
8 35 0
8 38 9
8 39 11
8 40 0
8 41 5
8 43 0
8 44 0
8 45 0
8 48 16
8 49 0
8 51 11
8 52 14
8 55 35
8 57 0
8 58 0
8 59 0
8 60 34
8 61 0
8 62 0
8 63 0
8 64 58
8 65 0
8 66 54
8 67 0
8 70 19
8 71 0
8 72 0
8 74 13
8 76 0
8 77 8
8 78 0
8 79 0
8 80 0
8 81 17
8 82 0
8 83 24
8 85 0
8 86 0
8 88 0
8 89 0
8 91 0
8 92 0
8 93 0
8 95 20
8 96 0
8 98 0
8 99 0
9 0 0
9 1 0
9 2 2
9 5 0
9 6 0
9 8 27
9 9 0
9 10 0
9 11 0
9 12 45
9 14 13
9 15 105
9 16 0
9 17 0
9 19 0
9 20 0
9 21 0
9 24 0
9 25 6
9 26 0
9 27 0
9 29 41
9 31 6
9 32 18
9 36 0
9 38 4
9 39 0
9 40 25
9 43 35
9 46 64
9 47 130
9 48 0
9 50 0
9 51 14
9 52 0
9 55 0
9 56 4
9 59 0
9 64 0
9 67 0
9 68 17
9 69 30
9 71 25
9 73 13
9 76 0
9 77 63
9 78 0
9 79 50
9 83 3
9 85 0
9 86 0
9 90 0
9 91 13
9 92 27
9 93 0
9 94 0
9 95 13
9 96 0
9 97 0
