0 0 2.26535e+15
0 1 3.42791e+15
0 2 6.79726e+15
0 3 3.74728e+15
0 4 2.63305e+15
0 5 2.83167e+15
0 6 1.20304e+15
0 7 1.79168e+15
0 8 4.60698e+15
0 9 2.32371e+15
0 10 1.25629e+15
0 11 4.16228e+15
0 12 1.33739e+15
0 13 3.18373e+15
0 14 4.67574e+15
0 15 1.01706e+15
0 16 9.31586e+15
0 17 7.16456e+15
0 18 5.07581e+15
0 19 2.97497e+15
0 20 8.95015e+15
0 21 4.71163e+15
0 22 2.11643e+15
0 23 6.30663e+15
0 24 2.84302e+15
0 25 2.92077e+15
0 26 1.51935e+15
0 27 8.46695e+15
0 28 2.13274e+15
0 29 1.62007e+15
0 30 8.69336e+15
0 31 2.36677e+15
0 32 8.88505e+15
0 33 1.40247e+15
0 34 2.08572e+15
0 35 9.11431e+15
0 36 2.10747e+15
0 37 6.54151e+15
0 38 9.3472e+15
0 39 1.12634e+15
0 40 9.5565e+15
0 41 2.59895e+15
0 42 5.626e+15
0 43 1.25297e+15
0 44 2.32862e+15
0 45 6.08654e+15
0 46 4.38616e+15
0 47 2.07336e+15
0 48 1.18346e+15
0 49 5.73314e+15
0 50 4.10977e+15
0 51 4.58746e+15
0 52 7.70637e+15
0 53 6.67719e+15
0 54 3.5719e+15
0 55 3.1526e+15
0 56 2.71725e+15
0 57 1.55585e+15
0 58 9.28021e+15
0 59 6.97466e+15
0 60 2.71114e+15
0 61 1.19584e+15
0 62 4.2198e+15
0 63 4.92214e+15
0 64 3.23822e+15
0 65 2.87804e+15
0 66 1.92903e+15
0 67 1.28889e+15
0 68 1.29312e+15
0 69 7.82026e+15
0 70 3.46906e+15
0 71 1.21557e+15
0 72 4.67278e+15
0 73 1.07356e+15
0 74 8.95982e+15
0 75 1.30579e+15
0 76 6.74953e+15
0 77 7.20819e+15
0 78 2.14905e+15
0 79 6.682e+15
0 80 2.52534e+15
0 81 9.45724e+15
0 82 4.76662e+15
0 83 2.37224e+15
0 84 2.88961e+15
0 85 4.1355e+15
0 86 2.67749e+15
0 87 4.80464e+15
0 88 1.06863e+15
0 89 1.11113e+15
0 90 1.67129e+15
0 91 6.49692e+15
0 92 1.67268e+15
0 93 1.05585e+15
0 94 1.55408e+15
0 95 1.74376e+15
0 96 7.13769e+15
0 97 6.6916e+15
0 98 2.53282e+15
0 99 3.50448e+15
1 0 7.38212e+15
1 1 1.17329e+15
1 2 2.69258e+15
1 3 5.94604e+15
1 4 6.39382e+15
1 5 4.33175e+15
1 6 2.10913e+15
1 7 1.70642e+15
1 8 3.46127e+15
1 9 8.80655e+15
1 10 4.63756e+15
1 11 8.90124e+15
1 12 1.61718e+15
1 13 7.25346e+15
1 14 2.44946e+15
1 15 3.03352e+15
1 16 1.86236e+15
1 17 8.26069e+15
1 18 2.80847e+15
1 19 3.5835e+15
1 20 1.89534e+15
1 21 2.5041e+15
1 22 6.58316e+15
1 23 1.32063e+15
1 24 4.01933e+15
1 25 8.25709e+15
1 26 4.10429e+15
1 27 6.55533e+15
1 28 2.60428e+15
1 29 1.33387e+15
1 30 5.77863e+15
1 31 2.45374e+15
1 32 2.3761e+15
1 33 1.75916e+15
1 34 1.50079e+15
1 35 4.37689e+15
1 36 3.30965e+15
1 37 6.7505e+15
1 38 7.81965e+15
1 39 4.49966e+15
1 40 4.48115e+15
1 41 3.45765e+15
1 42 2.92088e+15
1 43 8.91772e+15
1 44 6.64599e+15
1 45 5.26341e+15
1 46 6.31409e+15
1 47 7.53343e+15
1 48 2.20981e+15
1 49 1.17428e+15
1 50 4.20741e+15
1 51 2.00542e+15
1 52 5.31558e+15
1 53 1.15783e+15
1 54 8.27708e+15
1 55 1.63005e+15
1 56 1.72475e+15
1 57 4.97664e+15
1 58 4.86451e+15
1 59 6.90762e+15
1 60 1.81833e+15
1 61 6.94137e+15
1 62 7.05852e+15
1 63 7.62412e+15
1 64 4.76237e+15
1 65 3.19955e+15
1 66 8.4799e+15
1 67 9.36226e+15
1 68 6.04784e+15
1 69 3.86799e+15
1 70 6.98275e+15
1 71 3.81068e+15
1 72 7.62677e+15
1 73 2.11999e+15
1 74 6.95192e+15
1 75 5.51102e+15
1 76 3.21224e+15
1 77 2.91936e+15
1 78 1.48246e+15
1 79 7.47432e+15
1 80 3.80172e+15
1 81 2.97074e+15
1 82 4.12659e+15
1 83 3.95025e+15
1 84 2.11159e+15
1 85 8.89074e+15
1 86 8.66956e+15
1 87 5.1676e+15
1 88 8.08291e+15
1 89 3.64845e+15
1 90 4.47676e+15
1 91 5.26665e+15
1 92 1.23419e+15
1 93 2.45297e+15
1 94 8.68236e+15
1 95 8.75038e+15
1 96 3.1323e+15
1 97 7.8325e+15
1 98 6.6246e+15
1 99 1.46074e+15
2 0 1.88813e+15
2 1 4.3839e+15
2 2 1.84345e+15
2 3 4.03277e+15
2 4 7.09136e+15
2 5 2.21886e+15
2 6 1.06903e+15
2 7 2.90106e+15
2 8 6.36e+15
2 9 1.12579e+15
2 10 9.91349e+15
2 11 3.46948e+15
2 12 2.29322e+15
2 13 3.2811e+15
2 14 1.89277e+15
2 15 1.02683e+15
2 16 3.5838e+15
2 17 1.01668e+15
2 18 7.939e+15
2 19 1.44925e+15
2 20 1.82219e+15
2 21 4.97208e+15
2 22 1.91401e+15
2 23 2.88691e+15
2 24 2.10471e+15
2 25 1.22143e+15
2 26 9.23235e+15
2 27 8.62491e+15
2 28 1.71668e+15
2 29 2.4159e+15
2 30 1.65581e+15
2 31 2.60379e+15
2 32 2.14375e+15
2 33 1.34272e+15
2 34 1.81952e+15
2 35 1.40683e+15
2 36 2.39905e+15
2 37 2.95918e+15
2 38 4.74607e+15
2 39 3.63143e+15
2 40 6.00714e+15
2 41 6.93699e+15
2 42 2.62341e+15
2 43 2.32322e+15
2 44 5.57766e+15
2 45 1.75864e+15
2 46 2.30828e+15
2 47 1.32205e+15
2 48 3.5119e+15
2 49 1.39997e+15
2 50 1.54295e+15
2 51 5.00008e+15
2 52 2.93496e+15
2 53 1.19329e+15
2 54 3.97309e+15
2 55 1.9568e+15
2 56 8.40367e+15
2 57 1.557e+15
2 58 2.10196e+15
2 59 6.1998e+15
2 60 1.81008e+15
2 61 9.81953e+15
2 62 1.24706e+15
2 63 3.2963e+15
2 64 1.36467e+15
2 65 3.04775e+15
2 66 5.29086e+15
2 67 2.96621e+15
2 68 1.32484e+15
2 69 3.61382e+15
2 70 3.10236e+15
2 71 1.02704e+15
2 72 9.45762e+15
2 73 1.16206e+15
2 74 1.62948e+15
2 75 2.82586e+15
2 76 4.38099e+15
2 77 3.38162e+15
2 78 1.44846e+15
2 79 2.84868e+15
2 80 5.66453e+15
2 81 7.89195e+15
2 82 1.151e+15
2 83 2.26951e+15
2 84 3.92769e+15
2 85 2.90442e+15
2 86 2.2676e+15
2 87 2.2106e+15
2 88 6.3346e+15
2 89 6.75067e+15
2 90 5.18376e+15
2 91 1.27433e+15
2 92 2.61353e+15
2 93 3.17364e+15
2 94 7.60461e+15
2 95 3.65868e+15
2 96 1.6018e+15
2 97 1.03222e+15
2 98 1.62317e+15
2 99 6.77132e+15
3 0 3.6684e+15
3 1 1.56652e+15
3 2 2.49396e+15
3 3 1.82217e+15
3 4 4.38873e+15
3 5 2.92013e+15
3 6 4.98118e+15
3 7 1.21442e+15
3 8 7.27094e+15
3 9 3.67774e+15
3 10 1.62979e+15
3 11 7.35697e+15
3 12 1.99466e+15
3 13 3.02335e+15
3 14 7.05589e+15
3 15 3.1898e+15
3 16 6.28687e+15
3 17 5.68123e+15
3 18 2.61967e+15
3 19 2.15187e+15
3 20 1.30222e+15
3 21 5.20509e+15
3 22 2.16254e+15
3 23 1.74296e+15
3 24 1.97095e+15
3 25 1.57228e+15
3 26 1.36255e+15
3 27 7.59692e+15
3 28 3.39299e+15
3 29 8.84779e+15
3 30 1.25608e+15
3 31 2.38214e+15
3 32 1.25936e+15
3 33 4.01807e+15
3 34 1.1727e+15
3 35 2.21832e+15
3 36 6.21784e+15
3 37 1.90634e+15
3 38 6.40033e+15
3 39 7.37307e+15
3 40 2.64729e+15
3 41 3.85501e+15
3 42 8.07846e+15
3 43 7.1664e+15
3 44 7.96671e+15
3 45 1.05228e+15
3 46 6.09991e+15
3 47 4.80845e+15
3 48 2.24061e+15
3 49 1.69508e+15
3 50 1.77511e+15
3 51 9.04763e+15
3 52 1.16231e+15
3 53 7.64891e+15
3 54 3.29378e+15
3 55 2.64489e+15
3 56 1.42728e+15
3 57 4.62718e+15
3 58 2.62203e+15
3 59 5.07464e+15
3 60 6.5518e+15
3 61 2.99957e+15
3 62 4.95638e+15
3 63 2.5413e+15
3 64 3.8726e+15
3 65 1.63711e+15
3 66 8.15388e+15
3 67 4.43329e+15
3 68 6.17e+15
3 69 1.71806e+15
3 70 8.91712e+15
3 71 1.71192e+15
3 72 4.14567e+15
3 73 1.31208e+15
3 74 2.06492e+15
3 75 4.46832e+15
3 76 6.56403e+15
3 77 1.98897e+15
3 78 1.50531e+15
3 79 6.4186e+15
3 80 9.28075e+15
3 81 4.0296e+15
3 82 2.19403e+15
3 83 5.27868e+15
3 84 1.2007e+15
3 85 1.85107e+15
3 86 7.60837e+15
3 87 1.211e+15
3 88 9.41624e+15
3 89 7.78091e+15
3 90 3.20191e+15
3 91 2.9591e+15
3 92 3.65177e+15
3 93 5.88749e+15
3 94 1.83416e+15
3 95 5.05197e+15
3 96 1.10941e+15
3 97 2.10849e+15
3 98 4.90615e+15
3 99 1.34059e+15
4 0 4.57356e+15
4 1 3.30335e+15
4 2 1.09969e+15
4 3 9.65269e+15
4 4 2.78705e+15
4 5 4.74599e+15
4 6 1.46601e+15
4 7 5.88406e+15
4 8 3.95507e+15
4 9 3.16227e+15
4 10 7.91619e+15
4 11 3.39141e+15
4 12 7.86397e+15
4 13 2.60183e+15
4 14 4.99273e+15
4 15 4.65782e+15
4 16 6.00991e+15
4 17 1.3122e+15
4 18 6.04486e+15
4 19 2.83073e+15
4 20 8.18523e+15
4 21 2.85628e+15
4 22 1.33351e+15
4 23 7.83744e+15
4 24 8.45823e+15
4 25 2.05335e+15
4 26 2.65379e+15
4 27 1.01074e+15
4 28 3.21724e+15
4 29 8.15641e+15
4 30 5.82771e+15
4 31 8.23889e+15
4 32 1.55691e+15
4 33 6.88687e+15
4 34 2.89574e+15
4 35 2.3491e+15
4 36 5.97172e+15
4 37 5.66142e+15
4 38 9.52271e+15
4 39 3.9327e+15
4 40 5.88181e+15
4 41 4.8012e+15
4 42 2.24792e+15
4 43 1.66702e+15
4 44 1.29646e+15
4 45 9.84018e+15
4 46 2.22838e+15
4 47 5.07168e+15
4 48 1.21716e+15
4 49 4.19498e+15
4 50 7.80895e+15
4 51 2.62582e+15
4 52 3.64863e+15
4 53 1.54219e+15
4 54 3.87605e+15
4 55 1.70682e+15
4 56 3.38946e+15
4 57 1.81548e+15
4 58 2.51376e+15
4 59 6.10152e+15
4 60 1.84812e+15
4 61 3.44017e+15
4 62 2.35994e+15
4 63 2.11015e+15
4 64 2.88363e+15
4 65 1.22115e+15
4 66 1.63213e+15
4 67 2.96717e+15
4 68 2.48655e+15
4 69 9.79729e+15
4 70 7.02985e+15
4 71 7.37255e+15
4 72 2.34695e+15
4 73 9.76809e+15
4 74 1.48744e+15
4 75 1.47618e+15
4 76 5.16756e+15
4 77 6.35673e+15
4 78 8.02037e+15
4 79 1.388e+15
4 80 1.55153e+15
4 81 8.49365e+15
4 82 1.43495e+15
4 83 1.55511e+15
4 84 5.8564e+15
4 85 8.40999e+15
4 86 9.43708e+15
4 87 6.49898e+15
4 88 2.84221e+15
4 89 1.6463e+15
4 90 2.12041e+15
4 91 4.76204e+15
4 92 8.45697e+15
4 93 6.37023e+15
4 94 3.43445e+15
4 95 7.85309e+15
4 96 4.33793e+15
4 97 3.09165e+15
4 98 2.46177e+15
4 99 1.03546e+15
5 0 1.14965e+15
5 1 1.38444e+15
5 2 1.53126e+15
5 3 1.13799e+15
5 4 2.93798e+15
5 5 7.33588e+15
5 6 2.08802e+15
5 7 7.31649e+15
5 8 2.15725e+15
5 9 9.89924e+15
5 10 3.09876e+15
5 11 7.12455e+15
5 12 1.39745e+15
5 13 2.19776e+15
5 14 4.48006e+15
5 15 1.97781e+15
5 16 2.09183e+15
5 17 1.75737e+15
5 18 1.39973e+15
5 19 8.08222e+15
5 20 2.71514e+15
5 21 1.06414e+15
5 22 3.78719e+15
5 23 9.75241e+15
5 24 1.02501e+15
5 25 5.3963e+15
5 26 7.96375e+15
5 27 4.93489e+15
5 28 3.60114e+15
5 29 6.20288e+15
5 30 2.7178e+15
5 31 1.51216e+15
5 32 7.91756e+15
5 33 5.02082e+15
5 34 3.50332e+15
5 35 8.78879e+15
5 36 5.59786e+15
5 37 1.07331e+15
5 38 2.08369e+15
5 39 1.8901e+15
5 40 2.64244e+15
5 41 2.29822e+15
5 42 2.63301e+15
5 43 5.4703e+15
5 44 9.83783e+15
5 45 4.63278e+15
5 46 2.98593e+15
5 47 9.99199e+15
5 48 2.58346e+15
5 49 1.09931e+15
5 50 2.69593e+15
5 51 7.19597e+15
5 52 4.11511e+15
5 53 9.76337e+15
5 54 2.26582e+15
5 55 1.71385e+15
5 56 3.087e+15
5 57 1.32979e+15
5 58 2.87777e+15
5 59 1.88519e+15
5 60 1.96502e+15
5 61 2.70934e+15
5 62 1.05534e+15
5 63 4.8149e+15
5 64 1.72795e+15
5 65 8.49499e+15
5 66 3.35565e+15
5 67 2.01368e+15
5 68 4.12209e+15
5 69 2.57131e+15
5 70 4.03528e+15
5 71 2.41372e+15
5 72 6.32154e+15
5 73 8.9276e+15
5 74 5.58439e+15
5 75 5.99564e+15
5 76 8.90008e+15
5 77 3.47709e+15
5 78 2.97529e+15
5 79 5.31339e+15
5 80 9.64543e+15
5 81 1.73332e+15
5 82 5.29152e+15
5 83 2.08305e+15
5 84 3.74269e+15
5 85 6.97491e+15
5 86 6.81909e+15
5 87 7.76275e+15
5 88 9.59912e+15
5 89 3.15754e+15
5 90 3.54285e+15
5 91 4.3809e+15
5 92 1.76479e+15
5 93 5.09385e+15
5 94 4.74757e+15
5 95 1.28668e+15
5 96 3.50504e+15
5 97 2.77706e+15
5 98 1.13805e+15
5 99 1.39915e+15
6 0 6.9146e+15
6 1 8.55901e+15
6 2 1.58836e+15
6 3 2.57462e+15
6 4 2.48824e+15
6 5 1.99949e+15
6 6 7.50046e+15
6 7 8.41999e+15
6 8 2.4871e+15
6 9 6.80276e+15
6 10 7.35152e+15
6 11 3.89731e+15
6 12 1.42807e+15
6 13 3.34748e+15
6 14 5.97507e+15
6 15 2.93256e+15
6 16 1.17124e+15
6 17 1.12916e+15
6 18 7.37051e+15
6 19 1.56092e+15
6 20 6.75272e+15
6 21 1.33582e+15
6 22 1.87361e+15
6 23 1.21234e+15
6 24 6.87563e+15
6 25 5.18916e+15
6 26 1.0699e+15
6 27 8.44991e+15
6 28 8.46413e+15
6 29 1.12126e+15
6 30 3.16215e+15
6 31 2.72048e+15
6 32 2.77237e+15
6 33 1.19718e+15
6 34 6.14922e+15
6 35 3.0102e+15
6 36 7.59655e+15
6 37 7.99063e+15
6 38 4.94283e+15
6 39 1.45232e+15
6 40 4.36458e+15
6 41 5.70876e+15
6 42 4.52722e+15
6 43 1.90866e+15
6 44 1.12513e+15
6 45 1.24453e+15
6 46 1.0984e+15
6 47 2.00848e+15
6 48 6.64459e+15
6 49 4.71496e+15
6 50 6.48399e+15
6 51 3.75056e+15
6 52 5.56982e+15
6 53 7.73746e+15
6 54 9.49481e+15
6 55 2.465e+15
6 56 8.05007e+15
6 57 5.41624e+15
6 58 4.27349e+15
6 59 1.91924e+15
6 60 1.02655e+15
6 61 3.98687e+15
6 62 1.49539e+15
6 63 2.07084e+15
6 64 6.41337e+15
6 65 1.93741e+15
6 66 1.01246e+15
6 67 4.92322e+15
6 68 6.03791e+15
6 69 2.96232e+15
6 70 1.04097e+15
6 71 4.95595e+15
6 72 1.58423e+15
6 73 2.3163e+15
6 74 4.75606e+15
6 75 1.15917e+15
6 76 3.18413e+15
6 77 9.49862e+15
6 78 3.96536e+15
6 79 1.14884e+15
6 80 9.98798e+15
6 81 2.35958e+15
6 82 5.71654e+15
6 83 8.50942e+15
6 84 6.89063e+15
6 85 3.81985e+15
6 86 1.20222e+15
6 87 5.99278e+15
6 88 3.48067e+15
6 89 6.08073e+15
6 90 1.18952e+15
6 91 1.15839e+15
6 92 2.67631e+15
6 93 7.56276e+15
6 94 1.76365e+15
6 95 1.18921e+15
6 96 8.13414e+15
6 97 1.34507e+15
6 98 1.90984e+15
6 99 8.15253e+15
7 0 6.56948e+15
7 1 1.03108e+15
7 2 6.60227e+15
7 3 1.20106e+15
7 4 1.3285e+15
7 5 5.04778e+15
7 6 7.07283e+15
7 7 8.96807e+15
7 8 6.55841e+15
7 9 5.3673e+15
7 10 5.70664e+15
7 11 4.67508e+15
7 12 4.83827e+15
7 13 9.04769e+15
7 14 3.19792e+15
7 15 6.359e+15
7 16 2.31603e+15
7 17 2.35059e+15
7 18 3.89893e+15
7 19 3.13211e+15
7 20 7.28853e+15
7 21 1.28771e+15
7 22 1.09907e+15
7 23 1.81227e+15
7 24 1.33132e+15
7 25 1.12989e+15
7 26 6.13954e+15
7 27 6.01513e+15
7 28 2.17521e+15
7 29 6.44241e+15
7 30 3.7133e+15
7 31 1.23281e+15
7 32 7.32215e+15
7 33 5.2602e+15
7 34 7.45312e+15
7 35 6.13957e+15
7 36 1.46855e+15
7 37 1.56259e+15
7 38 1.92169e+15
7 39 1.37735e+15
7 40 9.53732e+15
7 41 1.82481e+15
7 42 9.65687e+15
7 43 5.8746e+15
7 44 3.72531e+15
7 45 1.02212e+15
7 46 2.71189e+15
7 47 6.49879e+15
7 48 5.16999e+15
7 49 1.35706e+15
7 50 1.52039e+15
7 51 3.06521e+15
7 52 1.14141e+15
7 53 5.80283e+15
7 54 3.57085e+15
7 55 6.01602e+15
7 56 1.19269e+15
7 57 7.01603e+15
7 58 1.13612e+15
7 59 6.9454e+15
7 60 5.25238e+15
7 61 4.65298e+15
7 62 2.18432e+15
7 63 7.54814e+15
7 64 4.50076e+15
7 65 4.00322e+15
7 66 5.98759e+15
7 67 1.43401e+15
7 68 4.32506e+15
7 69 1.95447e+15
7 70 2.63673e+15
7 71 5.63398e+15
7 72 4.34282e+15
7 73 4.37296e+15
7 74 1.04619e+15
7 75 1.63429e+15
7 76 3.67781e+15
7 77 3.93759e+15
7 78 5.28609e+15
7 79 3.00203e+15
7 80 1.92727e+15
7 81 3.87072e+15
7 82 1.74525e+15
7 83 2.85353e+15
7 84 2.86325e+15
7 85 9.18363e+15
7 86 1.00535e+15
7 87 2.829e+15
7 88 6.71194e+15
7 89 1.28903e+15
7 90 1.03517e+15
7 91 5.0244e+15
7 92 2.20154e+15
7 93 1.61744e+15
7 94 1.97147e+15
7 95 2.14177e+15
7 96 4.45657e+15
7 97 1.6321e+15
7 98 3.84109e+15
7 99 6.10879e+15
8 0 1.77578e+15
8 1 9.4424e+15
8 2 4.00661e+15
8 3 3.1607e+15
8 4 1.68879e+15
8 5 6.11037e+15
8 6 6.34519e+15
8 7 1.48508e+15
8 8 2.69516e+15
8 9 1.19106e+15
8 10 1.61185e+15
8 11 2.33946e+15
8 12 7.7016e+15
8 13 4.29998e+15
8 14 3.75482e+15
8 15 2.37773e+15
8 16 5.04848e+15
8 17 3.09207e+15
8 18 7.4263e+15
8 19 4.69557e+15
8 20 9.40936e+15
8 21 1.66631e+15
8 22 1.74297e+15
8 23 2.05493e+15
8 24 1.74692e+15
8 25 5.84882e+15
8 26 5.80045e+15
8 27 4.4561e+15
8 28 1.01018e+15
8 29 3.52513e+15
8 30 7.42256e+15
8 31 2.49119e+15
8 32 8.3948e+15
8 33 3.42936e+15
8 34 1.94903e+15
8 35 2.34831e+15
8 36 2.74809e+15
8 37 7.78919e+15
8 38 5.3363e+15
8 39 4.57725e+15
8 40 2.01558e+15
8 41 1.34585e+15
8 42 3.25581e+15
8 43 4.13028e+15
8 44 4.54079e+15
8 45 1.72714e+15
8 46 8.74382e+15
8 47 1.99564e+15
8 48 8.62656e+15
8 49 7.65556e+15
8 50 2.50604e+15
8 51 4.16712e+15
8 52 8.41023e+15
8 53 4.36546e+15
8 54 2.62675e+15
8 55 4.29201e+15
8 56 9.10345e+15
8 57 4.26497e+15
8 58 1.75397e+15
8 59 5.01467e+15
8 60 3.78344e+15
8 61 2.25575e+15
8 62 1.249e+15
8 63 2.48982e+15
8 64 8.93784e+15
8 65 2.86225e+15
8 66 7.49906e+15
8 67 3.54938e+15
8 68 3.3807e+15
8 69 3.18089e+15
8 70 3.72382e+15
8 71 5.12459e+15
8 72 1.25404e+15
8 73 1.09708e+15
8 74 3.52084e+15
8 75 1.7576e+15
8 76 6.44667e+15
8 77 2.28607e+15
8 78 3.53186e+15
8 79 1.19602e+15
8 80 3.04081e+15
8 81 3.15677e+15
8 82 1.34631e+15
8 83 6.1082e+15
8 84 1.47307e+15
8 85 2.11522e+15
8 86 1.50136e+15
8 87 1.34269e+15
8 88 8.22576e+15
8 89 1.19556e+15
8 90 1.03966e+15
8 91 7.382e+15
8 92 8.26808e+15
8 93 5.34682e+15
8 94 4.17282e+15
8 95 9.975e+15
8 96 2.64871e+15
8 97 3.44646e+15
8 98 2.29535e+15
8 99 6.93524e+15
9 0 4.57929e+15
9 1 1.43716e+15
9 2 2.72461e+15
9 3 3.62038e+15
9 4 6.94677e+15
9 5 2.02587e+15
9 6 4.45234e+15
9 7 7.39338e+15
9 8 3.50056e+15
9 9 3.73137e+15
9 10 4.1268e+15
9 11 2.66496e+15
9 12 8.55202e+15
9 13 1.50698e+15
9 14 4.86315e+15
9 15 7.58855e+15
9 16 1.48598e+15
9 17 2.41173e+15
9 18 4.6781e+15
9 19 9.05674e+15
9 20 5.02525e+15
9 21 5.22076e+15
9 22 3.12632e+15
9 23 1.10154e+15
9 24 1.3948e+15
9 25 1.40942e+15
9 26 2.55028e+15
9 27 4.42811e+15
9 28 1.46493e+15
9 29 9.03386e+15
9 30 5.51794e+15
9 31 1.63468e+15
9 32 4.52329e+15
9 33 1.33336e+15
9 34 6.8764e+15
9 35 1.4281e+15
9 36 9.64172e+15
9 37 1.88821e+15
9 38 2.7077e+15
9 39 7.04013e+15
9 40 7.58523e+15
9 41 7.22011e+15
9 42 1.15298e+15
9 43 5.89922e+15
9 44 4.4228e+15
9 45 2.21544e+15
9 46 7.90779e+15
9 47 7.478e+15
9 48 1.44262e+15
9 49 1.3203e+15
9 50 2.46704e+15
9 51 4.85358e+15
9 52 6.59437e+15
9 53 1.00889e+15
9 54 2.64338e+15
9 55 1.64869e+15
9 56 2.28402e+15
9 57 1.21245e+15
9 58 4.81571e+15
9 59 3.61145e+15
9 60 8.85595e+15
9 61 2.08753e+15
9 62 4.07333e+15
9 63 3.42215e+15
9 64 4.18042e+15
9 65 1.76535e+15
9 66 1.37735e+15
9 67 7.03334e+15
9 68 3.36162e+15
9 69 4.63892e+15
9 70 8.07902e+15
9 71 6.39219e+15
9 72 7.468e+15
9 73 3.86594e+15
9 74 7.21615e+15
9 75 2.13683e+15
9 76 2.57519e+15
9 77 8.57283e+15
9 78 1.47693e+15
9 79 9.13641e+15
9 80 3.57107e+15
9 81 3.91868e+15
9 82 4.16774e+15
9 83 1.63273e+15
9 84 2.80852e+15
9 85 6.42401e+15
9 86 2.36305e+15
9 87 1.10348e+15
9 88 2.13662e+15
9 89 3.12265e+15
9 90 2.25798e+15
9 91 9.31682e+15
9 92 5.95177e+15
9 93 3.30589e+15
9 94 1.30323e+15
9 95 4.08035e+15
9 96 3.02897e+15
9 97 1.18258e+15
9 98 4.67693e+15
9 99 2.15676e+15
