0 0 1.41116e+14
0 1 8.75026e+13
0 2 3.18595e+13
0 3 2.50004e+13
0 4 1.39383e+14
0 5 1.17362e+13
0 6 7.35562e+13
0 7 2.55456e+13
0 8 5.07354e+13
0 9 1.23749e+13
0 10 1.20692e+13
0 11 4.12917e+13
0 12 3.71281e+13
0 13 4.20082e+13
0 14 2.12951e+13
0 15 4.15692e+13
0 16 1.91142e+13
0 17 1.17501e+14
0 18 1.63722e+13
0 19 6.63191e+13
0 20 4.19423e+13
0 21 2.09714e+13
0 22 7.70848e+13
0 23 3.95191e+13
0 24 7.58168e+13
0 25 1.56886e+13
0 26 1.10711e+14
0 27 9.67992e+13
0 28 1.4857e+13
0 29 1.29286e+14
0 30 1.6993e+14
0 31 1.86647e+13
0 32 1.42679e+13
0 33 5.63708e+13
0 34 3.06711e+13
0 35 1.04484e+14
0 36 9.82186e+13
0 37 5.57008e+13
0 38 1.33448e+14
0 39 1.40961e+13
0 40 1.57559e+13
0 41 1.77e+14
0 42 2.72092e+13
0 43 1.33383e+14
0 44 1.99704e+14
0 45 2.71623e+13
0 46 1.00492e+13
0 47 5.84079e+13
0 48 1.15806e+14
0 49 7.88395e+13
0 50 1.27142e+14
0 51 5.00182e+13
0 52 3.7806e+13
0 53 3.81449e+13
0 54 1.55848e+13
0 55 1.82434e+14
0 56 3.22637e+13
0 57 6.59365e+13
0 58 1.53281e+13
0 59 1.89823e+14
0 60 2.24859e+13
0 61 5.34775e+13
0 62 6.18702e+13
0 63 1.59305e+13
0 64 4.417e+13
0 65 1.85917e+13
0 66 2.01868e+13
0 67 1.54956e+13
0 68 1.03008e+13
0 69 1.18889e+13
0 70 4.08293e+13
0 71 5.10912e+13
0 72 1.57372e+14
0 73 4.15086e+13
0 74 1.43028e+13
0 75 4.65179e+13
0 76 7.87755e+13
0 77 2.34631e+13
0 78 1.25989e+13
0 79 1.11993e+14
0 80 4.43769e+13
0 81 1.52868e+13
0 82 3.21663e+13
0 83 1.05838e+14
0 84 1.90931e+14
0 85 1.98085e+13
0 86 2.72825e+13
0 87 1.49403e+14
0 88 1.88357e+14
0 89 1.58479e+14
0 90 2.28765e+13
0 91 5.85151e+13
0 92 4.46943e+13
0 93 7.64851e+13
0 94 5.2195e+13
0 95 1.18646e+13
0 96 1.27783e+14
0 97 1.20614e+13
0 98 2.21475e+13
0 99 3.52567e+13
1 0 1.02733e+13
1 1 1.3684e+13
1 2 1.67461e+14
1 3 1.86739e+13
1 4 3.82902e+13
1 5 1.56539e+14
1 6 2.56565e+13
1 7 6.27397e+13
1 8 3.766e+13
1 9 2.23538e+13
1 10 1.68999e+13
1 11 2.69811e+13
1 12 1.46485e+14
1 13 1.69979e+14
1 14 1.80042e+14
1 15 1.35466e+13
1 16 1.1728e+14
1 17 2.88749e+13
1 18 1.49736e+13
1 19 7.10003e+13
1 20 2.55024e+13
1 21 2.46082e+13
1 22 7.96775e+13
1 23 9.92185e+13
1 24 2.75113e+13
1 25 1.87732e+13
1 26 8.28827e+13
1 27 2.67508e+13
1 28 3.44868e+13
1 29 4.64817e+13
1 30 1.25456e+13
1 31 3.3852e+13
1 32 1.56674e+13
1 33 1.3304e+14
1 34 8.7776e+13
1 35 1.67992e+13
1 36 2.86503e+13
1 37 3.5261e+13
1 38 4.72853e+13
1 39 1.92484e+14
1 40 1.43791e+14
1 41 1.76436e+14
1 42 1.03282e+13
1 43 1.19717e+13
1 44 1.14996e+13
1 45 1.16796e+13
1 46 1.09827e+14
1 47 1.55852e+14
1 48 5.01159e+13
1 49 4.68805e+13
1 50 1.25415e+14
1 51 1.36325e+14
1 52 2.57944e+13
1 53 1.5342e+13
1 54 1.62542e+14
1 55 1.214e+13
1 56 8.02033e+13
1 57 5.62165e+13
1 58 1.04768e+14
1 59 7.41333e+13
1 60 5.03575e+13
1 61 1.09731e+14
1 62 1.8496e+13
1 63 1.48511e+13
1 64 1.51483e+14
1 65 8.52495e+13
1 66 9.72386e+13
1 67 1.03663e+14
1 68 1.31451e+14
1 69 4.45171e+13
1 70 1.70376e+14
1 71 2.24849e+13
1 72 2.59424e+13
1 73 1.81441e+13
1 74 1.38273e+13
1 75 8.26976e+13
1 76 7.55134e+13
1 77 3.31851e+13
1 78 5.95016e+13
1 79 1.41369e+14
1 80 2.11027e+13
1 81 1.61306e+14
1 82 6.11131e+13
1 83 1.23783e+14
1 84 9.8088e+13
1 85 1.13488e+13
1 86 7.96153e+13
1 87 1.52507e+13
1 88 1.06882e+14
1 89 1.6988e+14
1 90 2.00618e+13
1 91 8.71652e+13
1 92 1.98653e+13
1 93 5.04622e+13
1 94 1.89555e+13
1 95 1.19354e+13
1 96 4.86335e+13
1 97 1.04067e+14
1 98 1.99907e+14
1 99 1.0387e+13
2 0 1.60117e+14
2 1 8.42636e+13
2 2 6.31788e+13
2 3 1.65878e+14
2 4 1.75959e+14
2 5 1.5262e+14
2 6 3.77365e+13
2 7 1.25808e+14
2 8 1.08727e+14
2 9 1.13731e+14
2 10 1.25394e+13
2 11 1.9696e+14
2 12 1.79331e+14
2 13 2.42642e+13
2 14 1.0131e+14
2 15 1.90405e+13
2 16 1.74777e+13
2 17 5.29827e+13
2 18 8.03901e+13
2 19 5.83703e+13
2 20 4.43553e+13
2 21 6.01765e+13
2 22 1.56115e+13
2 23 1.01904e+14
2 24 1.08608e+14
2 25 5.47665e+13
2 26 8.08859e+13
2 27 5.64429e+13
2 28 5.92427e+13
2 29 1.12872e+14
2 30 1.1318e+14
2 31 6.04762e+13
2 32 7.78976e+13
2 33 1.80068e+13
2 34 1.86805e+13
2 35 1.98244e+14
2 36 9.8719e+13
2 37 2.29e+13
2 38 1.40884e+14
2 39 1.86879e+13
2 40 7.0032e+13
2 41 1.48597e+14
2 42 5.30961e+13
2 43 2.54549e+13
2 44 2.5178e+13
2 45 1.33406e+13
2 46 6.01992e+13
2 47 3.36931e+13
2 48 3.34706e+13
2 49 1.06101e+13
2 50 4.05723e+13
2 51 1.40462e+14
2 52 1.63434e+14
2 53 3.88119e+13
2 54 2.56645e+13
2 55 1.1596e+14
2 56 5.17942e+13
2 57 1.77305e+14
2 58 2.27002e+13
2 59 1.44974e+13
2 60 1.90209e+13
2 61 4.29433e+13
2 62 5.95795e+13
2 63 7.0143e+13
2 64 1.94518e+13
2 65 4.98758e+13
2 66 1.08978e+13
2 67 5.76183e+13
2 68 3.76421e+13
2 69 4.59221e+13
2 70 1.46443e+13
2 71 3.40085e+13
2 72 6.73578e+13
2 73 3.31923e+13
2 74 1.61663e+14
2 75 3.65662e+13
2 76 1.41705e+14
2 77 1.3938e+14
2 78 9.51618e+13
2 79 1.51506e+14
2 80 9.1293e+13
2 81 1.96366e+13
2 82 1.50636e+13
2 83 5.50759e+13
2 84 1.31056e+14
2 85 1.42448e+14
2 86 1.33632e+14
2 87 2.53752e+13
2 88 7.61243e+13
2 89 1.04241e+14
2 90 1.78726e+14
2 91 1.01556e+14
2 92 1.50324e+14
2 93 1.63284e+14
2 94 1.36637e+14
2 95 1.29824e+14
2 96 3.58271e+13
2 97 3.31076e+13
2 98 2.22396e+13
2 99 3.26071e+13
3 0 3.11988e+13
3 1 1.86544e+14
3 2 4.16536e+13
3 3 4.09507e+13
3 4 1.87629e+13
3 5 2.49985e+13
3 6 1.63664e+14
3 7 8.76212e+13
3 8 1.79513e+13
3 9 1.14413e+13
3 10 1.23824e+14
3 11 8.9085e+13
3 12 1.10693e+13
3 13 5.63846e+13
3 14 1.53321e+13
3 15 9.18447e+13
3 16 1.30706e+13
3 17 2.05095e+13
3 18 1.08406e+13
3 19 3.93487e+13
3 20 1.52223e+14
3 21 2.24453e+13
3 22 1.37491e+13
3 23 1.74528e+13
3 24 4.9108e+13
3 25 4.17111e+13
3 26 1.08757e+13
3 27 7.13454e+13
3 28 1.55346e+13
3 29 1.30658e+13
3 30 1.58984e+14
3 31 1.83314e+14
3 32 4.75106e+13
3 33 1.34623e+14
3 34 2.67784e+13
3 35 1.47461e+13
3 36 5.2541e+13
3 37 1.15955e+13
3 38 1.41755e+14
3 39 1.60603e+14
3 40 1.46558e+13
3 41 4.17133e+13
3 42 7.31255e+13
3 43 1.5081e+13
3 44 1.8197e+14
3 45 2.80913e+13
3 46 2.01517e+13
3 47 2.26505e+13
3 48 1.19395e+14
3 49 1.55794e+13
3 50 2.61522e+13
3 51 9.65494e+13
3 52 1.51078e+14
3 53 1.74652e+14
3 54 1.31515e+13
3 55 6.80596e+13
3 56 4.56658e+13
3 57 4.35724e+13
3 58 6.47072e+13
3 59 1.15313e+13
3 60 4.5628e+13
3 61 1.43626e+13
3 62 2.90482e+13
3 63 1.01309e+13
3 64 7.20401e+13
3 65 7.50798e+13
3 66 1.8504e+13
3 67 1.26015e+13
3 68 9.46656e+13
3 69 9.3752e+13
3 70 2.01785e+13
3 71 5.13014e+13
3 72 1.09719e+13
3 73 1.23679e+14
3 74 5.54341e+13
3 75 1.28613e+13
3 76 2.31561e+13
3 77 7.09322e+13
3 78 5.07982e+13
3 79 3.36155e+13
3 80 1.00627e+13
3 81 6.11004e+13
3 82 1.00887e+14
3 83 1.37827e+13
3 84 6.02698e+13
3 85 1.36263e+13
3 86 2.95823e+13
3 87 6.87491e+13
3 88 1.5733e+13
3 89 7.65155e+13
3 90 2.76684e+13
3 91 3.98929e+13
3 92 2.55785e+13
3 93 1.66354e+14
3 94 1.42559e+14
3 95 1.35231e+14
3 96 2.91217e+13
3 97 8.64493e+13
3 98 4.68314e+13
3 99 1.24973e+13
4 0 1.1517e+13
4 1 7.08946e+13
4 2 2.03955e+13
4 3 1.78608e+13
4 4 1.00823e+14
4 5 1.10995e+13
4 6 9.19237e+13
4 7 1.0312e+14
4 8 3.51925e+13
4 9 1.09518e+14
4 10 4.93743e+13
4 11 3.97738e+13
4 12 2.07648e+13
4 13 1.5356e+14
4 14 1.58581e+13
4 15 3.86415e+13
4 16 1.69287e+13
4 17 9.60493e+13
4 18 1.45503e+14
4 19 1.69097e+14
4 20 2.73492e+13
4 21 2.93842e+13
4 22 1.38507e+14
4 23 2.93217e+13
4 24 7.33833e+13
4 25 1.1608e+14
4 26 2.77784e+13
4 27 1.29249e+14
4 28 2.67697e+13
4 29 1.80104e+13
4 30 1.0066e+14
4 31 3.92307e+13
4 32 1.03398e+13
4 33 1.26741e+14
4 34 3.45358e+13
4 35 5.08136e+13
4 36 3.1986e+13
4 37 4.86278e+13
4 38 2.18243e+13
4 39 1.21484e+13
4 40 1.44945e+13
4 41 8.36279e+13
4 42 1.34956e+13
4 43 1.92901e+13
4 44 1.75343e+13
4 45 1.36408e+13
4 46 7.43352e+13
4 47 5.94503e+13
4 48 1.41546e+13
4 49 5.88402e+13
4 50 9.7042e+13
4 51 1.02615e+13
4 52 4.93612e+13
4 53 2.06304e+13
4 54 1.60757e+14
4 55 5.47501e+13
4 56 2.24398e+13
4 57 1.46957e+14
4 58 1.18531e+13
4 59 1.07396e+13
4 60 2.06073e+13
4 61 7.41375e+13
4 62 1.41713e+14
4 63 1.63003e+13
4 64 1.3049e+14
4 65 1.37836e+13
4 66 3.03569e+13
4 67 2.36888e+13
4 68 2.42084e+13
4 69 7.98261e+13
4 70 2.38537e+13
4 71 1.61664e+13
4 72 4.92169e+13
4 73 1.23894e+13
4 74 1.28291e+14
4 75 7.107e+13
4 76 3.44837e+13
4 77 3.52484e+13
4 78 6.10758e+13
4 79 1.35084e+14
4 80 4.29616e+13
4 81 2.52548e+13
4 82 7.88898e+13
4 83 1.61014e+14
4 84 1.34623e+13
4 85 5.62561e+13
4 86 3.01578e+13
4 87 2.20522e+13
4 88 2.727e+13
4 89 9.53179e+13
4 90 4.30844e+13
4 91 2.0253e+13
4 92 5.07532e+13
4 93 4.54042e+13
4 94 7.61272e+13
4 95 1.72923e+13
4 96 1.76927e+13
4 97 2.81706e+13
4 98 6.87546e+13
4 99 1.29224e+13
5 0 3.16662e+13
5 1 1.45734e+13
5 2 9.88094e+13
5 3 1.33187e+13
5 4 4.51677e+13
5 5 4.88061e+13
5 6 4.31476e+13
5 7 1.97749e+14
5 8 8.80383e+13
5 9 8.47344e+13
5 10 1.78063e+14
5 11 1.60849e+13
5 12 4.54052e+13
5 13 3.86528e+13
5 14 1.31012e+14
5 15 1.86394e+14
5 16 6.17239e+13
5 17 2.9072e+13
5 18 3.43285e+13
5 19 1.95571e+13
5 20 8.83144e+13
5 21 1.51927e+14
5 22 1.05818e+13
5 23 2.20528e+13
5 24 2.78799e+13
5 25 3.15419e+13
5 26 6.11938e+13
5 27 1.56319e+13
5 28 1.26087e+13
5 29 1.53223e+13
5 30 1.112e+14
5 31 4.49211e+13
5 32 1.45424e+13
5 33 5.04908e+13
5 34 2.847e+13
5 35 3.29372e+13
5 36 4.14013e+13
5 37 7.85751e+13
5 38 1.67369e+13
5 39 4.6356e+13
5 40 1.37556e+13
5 41 7.05918e+13
5 42 2.31735e+13
5 43 8.01757e+13
5 44 1.9588e+14
5 45 3.50829e+13
5 46 9.02995e+13
5 47 7.15675e+13
5 48 2.83e+13
5 49 1.55168e+13
5 50 2.46429e+13
5 51 1.97478e+14
5 52 9.74365e+13
5 53 3.33496e+13
5 54 3.96779e+13
5 55 2.69549e+13
5 56 1.28044e+14
5 57 1.72054e+13
5 58 1.03493e+13
5 59 1.35824e+13
5 60 4.08911e+13
5 61 1.39755e+13
5 62 1.88965e+13
5 63 1.68952e+13
5 64 1.64874e+14
5 65 1.31509e+14
5 66 1.94256e+14
5 67 4.85422e+13
5 68 1.02241e+14
5 69 1.46008e+13
5 70 3.47387e+13
5 71 4.24762e+13
5 72 2.42928e+13
5 73 7.08717e+13
5 74 3.62741e+13
5 75 1.55357e+14
5 76 7.93277e+13
5 77 1.78531e+13
5 78 1.09251e+13
5 79 1.28915e+14
5 80 1.29227e+13
5 81 2.70503e+13
5 82 6.53656e+13
5 83 2.20131e+13
5 84 6.47184e+13
5 85 1.38188e+14
5 86 1.0076e+13
5 87 5.67533e+13
5 88 1.13126e+13
5 89 1.02002e+14
5 90 6.45605e+13
5 91 7.11318e+13
5 92 1.8853e+14
5 93 1.6946e+13
5 94 2.21434e+13
5 95 1.05554e+13
5 96 7.44021e+13
5 97 3.6859e+13
5 98 1.85987e+14
5 99 6.91402e+13
6 0 1.03366e+13
6 1 1.39783e+13
6 2 1.0471e+13
6 3 3.25456e+13
6 4 1.53729e+13
6 5 7.39877e+13
6 6 5.5679e+13
6 7 1.88194e+14
6 8 1.21791e+13
6 9 1.4563e+13
6 10 6.00536e+13
6 11 7.37813e+13
6 12 2.00761e+13
6 13 1.04401e+13
6 14 1.32955e+13
6 15 1.55874e+13
6 16 9.92083e+13
6 17 4.34814e+13
6 18 1.05269e+14
6 19 5.68287e+13
6 20 3.58997e+13
6 21 3.32503e+13
6 22 6.67813e+13
6 23 4.12274e+13
6 24 7.67489e+13
6 25 1.64391e+13
6 26 1.13941e+13
6 27 2.63133e+13
6 28 1.25062e+13
6 29 1.20631e+14
6 30 6.20078e+13
6 31 2.66448e+13
6 32 2.52742e+13
6 33 4.09933e+13
6 34 1.10462e+14
6 35 5.50884e+13
6 36 5.47984e+13
6 37 2.49933e+13
6 38 2.54258e+13
6 39 5.10255e+13
6 40 6.14955e+13
6 41 6.96303e+13
6 42 1.16953e+14
6 43 5.6057e+13
6 44 6.77765e+13
6 45 3.28766e+13
6 46 4.2771e+13
6 47 2.55684e+13
6 48 5.71267e+13
6 49 2.05612e+13
6 50 1.2095e+13
6 51 3.18257e+13
6 52 1.13858e+14
6 53 6.55582e+13
6 54 1.30073e+13
6 55 1.62749e+14
6 56 7.95459e+13
6 57 2.92154e+13
6 58 5.09882e+13
6 59 1.97526e+14
6 60 1.63435e+14
6 61 3.43711e+13
6 62 5.38573e+13
6 63 8.88629e+13
6 64 1.14843e+13
6 65 4.59321e+13
6 66 9.3711e+13
6 67 1.16519e+14
6 68 1.59784e+13
6 69 1.37504e+14
6 70 5.52197e+13
6 71 1.61693e+14
6 72 6.26898e+13
6 73 5.725e+13
6 74 6.55197e+13
6 75 3.98756e+13
6 76 5.34896e+13
6 77 1.94103e+13
6 78 1.1205e+13
6 79 1.66696e+14
6 80 1.78186e+14
6 81 1.13874e+14
6 82 1.20199e+14
6 83 1.25753e+14
6 84 5.48296e+13
6 85 1.41275e+13
6 86 1.39487e+13
6 87 5.69605e+13
6 88 1.18264e+14
6 89 4.80974e+13
6 90 7.09819e+13
6 91 3.42034e+13
6 92 2.30281e+13
6 93 2.17578e+13
6 94 1.08175e+14
6 95 2.31245e+13
6 96 4.08856e+13
6 97 6.05935e+13
6 98 5.20689e+13
6 99 1.18474e+13
7 0 2.76755e+13
7 1 2.18202e+13
7 2 1.92712e+14
7 3 1.10252e+13
7 4 6.0457e+13
7 5 1.26384e+14
7 6 9.07104e+13
7 7 2.21001e+13
7 8 1.60526e+13
7 9 7.03112e+13
7 10 1.56815e+13
7 11 6.20832e+13
7 12 2.34813e+13
7 13 1.45004e+14
7 14 6.34588e+13
7 15 1.03167e+13
7 16 1.49713e+13
7 17 1.07316e+13
7 18 1.11592e+13
7 19 1.92665e+14
7 20 3.59213e+13
7 21 2.94512e+13
7 22 1.54977e+14
7 23 1.45648e+14
7 24 4.23511e+13
7 25 1.40133e+14
7 26 7.19576e+13
7 27 1.21808e+13
7 28 3.29316e+13
7 29 1.81962e+14
7 30 1.76069e+13
7 31 1.54956e+13
7 32 1.60057e+14
7 33 2.36746e+13
7 34 1.19922e+14
7 35 8.14269e+13
7 36 7.94804e+13
7 37 9.3327e+13
7 38 3.59378e+13
7 39 3.7984e+13
7 40 4.98288e+13
7 41 1.1241e+14
7 42 4.23135e+13
7 43 1.56408e+13
7 44 1.4148e+13
7 45 4.43263e+13
7 46 6.96644e+13
7 47 2.17701e+13
7 48 8.82592e+13
7 49 1.49397e+14
7 50 1.26861e+13
7 51 1.02242e+13
7 52 1.83491e+13
7 53 1.23329e+14
7 54 1.09885e+14
7 55 2.07487e+13
7 56 1.8469e+13
7 57 1.51358e+13
7 58 1.11195e+14
7 59 1.01225e+14
7 60 8.01335e+13
7 61 1.35164e+14
7 62 4.52283e+13
7 63 4.89646e+13
7 64 4.08797e+13
7 65 2.40199e+13
7 66 1.15648e+13
7 67 5.90055e+13
7 68 7.55973e+13
7 69 1.2035e+14
7 70 8.34444e+13
7 71 1.04749e+13
7 72 5.03146e+13
7 73 1.18618e+14
7 74 2.27455e+13
7 75 1.0926e+13
7 76 6.47379e+13
7 77 1.52427e+13
7 78 1.13438e+13
7 79 5.08609e+13
7 80 5.28138e+13
7 81 1.26716e+13
7 82 1.61443e+14
7 83 1.294e+14
7 84 1.10805e+13
7 85 1.01606e+13
7 86 1.18585e+13
7 87 2.59889e+13
7 88 1.40414e+13
7 89 1.61122e+14
7 90 1.99913e+13
7 91 1.69082e+14
7 92 1.37823e+14
7 93 1.59215e+14
7 94 1.22118e+14
7 95 4.23681e+13
7 96 1.43385e+14
7 97 1.71391e+14
7 98 2.46497e+13
7 99 1.48418e+13
8 0 2.31746e+13
8 1 1.26465e+13
8 2 1.75891e+14
8 3 7.39305e+13
8 4 1.19543e+13
8 5 4.91019e+13
8 6 5.72353e+13
8 7 2.71039e+13
8 8 2.84872e+13
8 9 1.74098e+13
8 10 1.41446e+14
8 11 1.80979e+14
8 12 1.63584e+13
8 13 2.10999e+13
8 14 1.45298e+14
8 15 6.37096e+13
8 16 1.82068e+13
8 17 1.00038e+14
8 18 1.21329e+14
8 19 1.26262e+13
8 20 2.20268e+13
8 21 8.4622e+13
8 22 4.13719e+13
8 23 6.88428e+13
8 24 3.55886e+13
8 25 1.22075e+14
8 26 1.25078e+14
8 27 1.08339e+13
8 28 1.33416e+14
8 29 1.93268e+14
8 30 1.37489e+13
8 31 8.92969e+13
8 32 1.28137e+13
8 33 3.11084e+13
8 34 1.15699e+14
8 35 1.41202e+14
8 36 2.57401e+13
8 37 2.19267e+13
8 38 2.66486e+13
8 39 2.77865e+13
8 40 1.0909e+13
8 41 1.93674e+13
8 42 2.23568e+13
8 43 1.30753e+13
8 44 3.66246e+13
8 45 2.18739e+13
8 46 4.00826e+13
8 47 1.17783e+13
8 48 1.76714e+14
8 49 8.88218e+13
8 50 1.90166e+14
8 51 1.32682e+14
8 52 3.98145e+13
8 53 1.80207e+13
8 54 2.84398e+13
8 55 1.40527e+13
8 56 5.08895e+13
8 57 1.39114e+13
8 58 1.16887e+14
8 59 7.28339e+13
8 60 9.44246e+13
8 61 1.67195e+14
8 62 1.18755e+13
8 63 1.36681e+13
8 64 1.53888e+13
8 65 4.17295e+13
8 66 7.65856e+13
8 67 3.74573e+13
8 68 2.27219e+13
8 69 3.57447e+13
8 70 2.41024e+13
8 71 1.36601e+14
8 72 2.3676e+13
8 73 3.16114e+13
8 74 2.93366e+13
8 75 6.91283e+13
8 76 4.46853e+13
8 77 1.35848e+14
8 78 1.00709e+13
8 79 1.3072e+13
8 80 1.51562e+13
8 81 1.10101e+14
8 82 2.3059e+13
8 83 9.40304e+13
8 84 4.40927e+13
8 85 2.26015e+13
8 86 3.36883e+13
8 87 1.79658e+14
8 88 7.09014e+13
8 89 1.5132e+13
8 90 7.52867e+13
8 91 5.53818e+13
8 92 7.78459e+13
8 93 5.80067e+13
8 94 1.09754e+14
8 95 1.29209e+14
8 96 1.99922e+14
8 97 1.7952e+13
8 98 1.52314e+14
8 99 1.78477e+14
9 0 1.12346e+13
9 1 1.25231e+13
9 2 1.45156e+14
9 3 1.53183e+14
9 4 6.55664e+13
9 5 2.2565e+13
9 6 8.41186e+13
9 7 4.14178e+13
9 8 1.92892e+14
9 9 1.12063e+13
9 10 2.5346e+13
9 11 2.13145e+13
9 12 1.47453e+14
9 13 4.27714e+13
9 14 1.43328e+13
9 15 1.32567e+13
9 16 1.0204e+13
9 17 1.72718e+13
9 18 1.11432e+13
9 19 1.55272e+14
9 20 2.83719e+13
9 21 5.06958e+13
9 22 6.84959e+13
9 23 2.16995e+13
9 24 1.21459e+13
9 25 1.86721e+13
9 26 1.21148e+14
9 27 4.38438e+13
9 28 5.48147e+13
9 29 2.38248e+13
9 30 1.54907e+13
9 31 8.03753e+13
9 32 3.43313e+13
9 33 1.85599e+13
9 34 1.02303e+13
9 35 9.31499e+13
9 36 8.30956e+13
9 37 7.82289e+13
9 38 1.21798e+14
9 39 3.05159e+13
9 40 1.16485e+14
9 41 1.91667e+13
9 42 1.26552e+13
9 43 9.15945e+13
9 44 7.93018e+13
9 45 2.44137e+13
9 46 7.20631e+13
9 47 1.47302e+13
9 48 1.96491e+14
9 49 1.58503e+13
9 50 8.72343e+13
9 51 3.45072e+13
9 52 1.00582e+14
9 53 1.4361e+14
9 54 1.03432e+13
9 55 1.43201e+13
9 56 1.37422e+14
9 57 1.9172e+14
9 58 1.60716e+14
9 59 2.02978e+13
9 60 1.31529e+13
9 61 7.00048e+13
9 62 1.00089e+14
9 63 6.39207e+13
9 64 1.62207e+13
9 65 1.90875e+13
9 66 1.72783e+14
9 67 5.63995e+13
9 68 1.22208e+14
9 69 3.43406e+13
9 70 5.00928e+13
9 71 1.86928e+13
9 72 8.32727e+13
9 73 1.27166e+13
9 74 1.17852e+13
9 75 2.24634e+13
9 76 1.33586e+14
9 77 4.27038e+13
9 78 8.6691e+13
9 79 7.60662e+13
9 80 1.36436e+13
9 81 1.05572e+14
9 82 1.11954e+14
9 83 1.34686e+14
9 84 1.86186e+13
9 85 5.93809e+13
9 86 5.88884e+13
9 87 1.90051e+13
9 88 1.37249e+14
9 89 9.59629e+13
9 90 6.08087e+13
9 91 1.29848e+14
9 92 1.84282e+13
9 93 8.73309e+13
9 94 1.16508e+14
9 95 4.7677e+13
9 96 5.02833e+13
9 97 9.54923e+13
9 98 1.37446e+14
9 99 1.34225e+13
