0 0 3.09189e+13
0 1 1.27433e+13
0 2 1.39156e+13
0 3 1.88958e+13
0 4 2.82377e+13
0 5 2.82905e+13
0 6 2.07944e+13
0 7 2.65508e+13
0 8 3.48693e+13
0 9 4.77487e+13
0 10 1.94302e+14
0 11 5.69023e+13
0 12 1.59725e+14
0 13 9.08293e+13
0 14 1.63218e+14
0 15 6.26663e+13
0 16 2.64973e+13
0 17 4.24846e+13
0 18 1.66013e+13
0 19 3.30386e+13
0 20 2.63931e+13
0 21 5.30382e+13
0 22 1.20076e+14
0 23 1.46961e+14
0 24 1.23631e+13
0 25 2.95373e+13
0 26 1.01717e+14
0 27 6.07655e+13
0 28 1.30012e+13
0 29 1.91736e+13
0 30 1.60806e+14
0 31 1.03913e+13
0 32 1.00498e+13
0 33 2.53447e+13
0 34 1.72769e+14
0 35 7.63652e+13
0 36 1.03092e+13
0 37 4.61582e+13
0 38 8.17729e+13
0 39 1.04489e+14
0 40 1.46335e+14
0 41 9.29836e+13
0 42 1.44086e+13
0 43 3.82196e+13
0 44 1.25726e+14
0 45 1.04099e+14
0 46 3.55385e+13
0 47 6.06468e+13
0 48 5.95246e+13
0 49 1.22634e+14
0 50 1.13158e+14
0 51 1.49026e+14
0 52 3.16834e+13
0 53 1.77898e+13
0 54 4.99671e+13
0 55 2.3429e+13
0 56 4.40611e+13
0 57 2.87677e+13
0 58 2.23677e+13
0 59 1.22237e+13
0 60 1.12401e+14
0 61 1.92909e+13
0 62 1.26509e+13
0 63 1.28824e+14
0 64 3.85897e+13
0 65 8.49158e+13
0 66 1.29677e+13
0 67 1.66394e+14
0 68 1.96912e+14
0 69 9.67002e+13
0 70 3.87322e+13
0 71 1.98503e+13
0 72 3.0652e+13
0 73 5.71547e+13
0 74 2.63641e+13
0 75 1.23883e+14
0 76 3.793e+13
0 77 2.65157e+13
0 78 1.46358e+14
0 79 8.71283e+13
0 80 1.87356e+14
0 81 1.06554e+14
0 82 1.60096e+13
0 83 2.28582e+13
0 84 1.81306e+13
0 85 4.54276e+13
0 86 1.67402e+14
0 87 1.34449e+14
0 88 1.28182e+13
0 89 4.12658e+13
0 90 2.05003e+13
0 91 2.71472e+13
0 92 9.81842e+13
0 93 6.88039e+13
0 94 1.1373e+14
0 95 6.67213e+13
0 96 5.48686e+13
0 97 1.29205e+13
0 98 7.48961e+13
0 99 7.72832e+13
1 0 1.78093e+14
1 1 4.75262e+13
1 2 2.14012e+13
1 3 2.55923e+13
1 4 4.15738e+13
1 5 2.89211e+13
1 6 1.14592e+14
1 7 3.01967e+13
1 8 6.66963e+13
1 9 7.78426e+13
1 10 1.05437e+14
1 11 3.23478e+13
1 12 1.68251e+14
1 13 1.34762e+14
1 14 8.17455e+13
1 15 1.53072e+14
1 16 9.70538e+13
1 17 3.03147e+13
1 18 3.38121e+13
1 19 4.54855e+13
1 20 1.27291e+14
1 21 1.78499e+14
1 22 9.11545e+13
1 23 4.22828e+13
1 24 2.64623e+13
1 25 1.80568e+14
1 26 6.54954e+13
1 27 3.06874e+13
1 28 1.93461e+14
1 29 1.58553e+14
1 30 1.59372e+14
1 31 7.92559e+13
1 32 1.21307e+13
1 33 6.12384e+13
1 34 2.12503e+13
1 35 4.10363e+13
1 36 3.07168e+13
1 37 2.39608e+13
1 38 4.2877e+13
1 39 1.36942e+14
1 40 5.91788e+13
1 41 3.0895e+13
1 42 1.45674e+14
1 43 1.16691e+14
1 44 1.02661e+13
1 45 1.24375e+13
1 46 1.89534e+14
1 47 4.50942e+13
1 48 4.5897e+13
1 49 1.56779e+14
1 50 3.77135e+13
1 51 1.58562e+14
1 52 4.43114e+13
1 53 7.34487e+13
1 54 1.21796e+14
1 55 8.62605e+13
1 56 1.12281e+14
1 57 3.07985e+13
1 58 8.73022e+13
1 59 9.47751e+13
1 60 1.40679e+14
1 61 1.68837e+13
1 62 1.15389e+13
1 63 3.48946e+13
1 64 1.08817e+13
1 65 1.9368e+14
1 66 1.30871e+14
1 67 9.32088e+13
1 68 2.38276e+13
1 69 4.96801e+13
1 70 3.29671e+13
1 71 1.84088e+14
1 72 5.24317e+13
1 73 2.21166e+13
1 74 2.83436e+13
1 75 1.75695e+14
1 76 1.85525e+14
1 77 1.81702e+14
1 78 3.4292e+13
1 79 3.42457e+13
1 80 7.54833e+13
1 81 1.15105e+14
1 82 2.28266e+13
1 83 5.74342e+13
1 84 3.91369e+13
1 85 1.39882e+14
1 86 1.96333e+13
1 87 5.71578e+13
1 88 1.95626e+13
1 89 1.85008e+13
1 90 1.53934e+13
1 91 7.73047e+13
1 92 4.04265e+13
1 93 6.39139e+13
1 94 1.98239e+13
1 95 3.79687e+13
1 96 6.50233e+13
1 97 4.98965e+13
1 98 2.36675e+13
1 99 3.73072e+13
2 0 2.00102e+13
2 1 3.03726e+13
2 2 7.73068e+13
2 3 1.0098e+13
2 4 4.47872e+13
2 5 1.52549e+14
2 6 2.99556e+13
2 7 1.84878e+13
2 8 1.11814e+14
2 9 1.19817e+14
2 10 1.50222e+14
2 11 3.24908e+13
2 12 5.04153e+13
2 13 9.09457e+13
2 14 3.243e+13
2 15 4.85427e+13
2 16 3.37748e+13
2 17 1.47393e+14
2 18 9.79156e+13
2 19 2.88234e+13
2 20 1.65444e+14
2 21 6.10391e+13
2 22 7.14903e+13
2 23 2.24265e+13
2 24 5.96777e+13
2 25 3.59925e+13
2 26 1.68235e+13
2 27 1.92031e+13
2 28 1.9379e+14
2 29 1.07066e+14
2 30 1.05656e+13
2 31 1.36917e+13
2 32 2.6656e+13
2 33 1.2106e+13
2 34 2.70415e+13
2 35 7.58224e+13
2 36 1.59677e+13
2 37 4.98231e+13
2 38 3.06488e+13
2 39 4.88488e+13
2 40 2.1643e+13
2 41 3.96538e+13
2 42 5.16013e+13
2 43 1.5978e+13
2 44 1.55915e+14
2 45 7.6837e+13
2 46 1.63073e+13
2 47 1.65717e+14
2 48 1.61198e+14
2 49 1.1416e+14
2 50 1.66537e+14
2 51 2.0994e+13
2 52 1.73314e+14
2 53 4.051e+13
2 54 2.1048e+13
2 55 3.83906e+13
2 56 2.27929e+13
2 57 1.15092e+14
2 58 2.76132e+13
2 59 7.081e+13
2 60 2.15759e+13
2 61 1.34921e+14
2 62 8.68592e+13
2 63 1.7857e+14
2 64 1.94609e+14
2 65 3.8383e+13
2 66 2.81664e+13
2 67 1.72793e+14
2 68 4.48253e+13
2 69 1.97715e+13
2 70 5.7959e+13
2 71 1.3293e+14
2 72 1.40997e+14
2 73 1.25882e+14
2 74 8.56318e+13
2 75 4.0128e+13
2 76 2.39529e+13
2 77 8.24947e+13
2 78 7.93312e+13
2 79 1.53067e+13
2 80 6.52123e+13
2 81 4.52091e+13
2 82 2.30971e+13
2 83 1.406e+14
2 84 3.71958e+13
2 85 3.52224e+13
2 86 2.87182e+13
2 87 2.41445e+13
2 88 2.55122e+13
2 89 1.51693e+13
2 90 1.13137e+13
2 91 4.9784e+13
2 92 1.13223e+14
2 93 6.83427e+13
2 94 9.86349e+13
2 95 1.76915e+14
2 96 2.96706e+13
2 97 1.2323e+14
2 98 8.9394e+13
2 99 3.02968e+13
3 0 1.32579e+14
3 1 1.34001e+14
3 2 9.6916e+13
3 3 1.01286e+13
3 4 2.76791e+13
3 5 1.06695e+14
3 6 1.01866e+14
3 7 5.31746e+13
3 8 1.51626e+14
3 9 1.68846e+13
3 10 2.09177e+13
3 11 2.95089e+13
3 12 4.01932e+13
3 13 1.43721e+13
3 14 9.01902e+13
3 15 4.58621e+13
3 16 1.83461e+13
3 17 1.5298e+14
3 18 3.2514e+13
3 19 9.07133e+13
3 20 2.81263e+13
3 21 1.05865e+13
3 22 1.59297e+14
3 23 8.09558e+13
3 24 6.22579e+13
3 25 2.83891e+13
3 26 1.80732e+13
3 27 3.33556e+13
3 28 1.79905e+14
3 29 9.07126e+13
3 30 5.80558e+13
3 31 4.08036e+13
3 32 1.81472e+14
3 33 1.89097e+14
3 34 1.91736e+13
3 35 2.30359e+13
3 36 1.43419e+13
3 37 6.54337e+13
3 38 1.02858e+13
3 39 1.19133e+14
3 40 1.99824e+13
3 41 9.89886e+13
3 42 1.88559e+13
3 43 3.91584e+13
3 44 3.73102e+13
3 45 3.81833e+13
3 46 2.50344e+13
3 47 1.62284e+13
3 48 4.45761e+13
3 49 8.05293e+13
3 50 2.95045e+13
3 51 5.01613e+13
3 52 2.29671e+13
3 53 6.03448e+13
3 54 1.31743e+13
3 55 1.88103e+13
3 56 6.76725e+13
3 57 2.33715e+13
3 58 7.72886e+13
3 59 1.10471e+14
3 60 2.87812e+13
3 61 2.4363e+13
3 62 1.02229e+14
3 63 2.69201e+13
3 64 4.52394e+13
3 65 1.00246e+13
3 66 1.04547e+13
3 67 1.23559e+13
3 68 1.22308e+14
3 69 1.21379e+13
3 70 1.7482e+14
3 71 1.23587e+14
3 72 9.60791e+13
3 73 1.51762e+13
3 74 6.27613e+13
3 75 1.59067e+13
3 76 1.17705e+14
3 77 6.3948e+13
3 78 4.43087e+13
3 79 5.338e+13
3 80 7.59984e+13
3 81 1.59094e+14
3 82 1.56324e+13
3 83 2.94507e+13
3 84 1.991e+14
3 85 1.30642e+13
3 86 1.68993e+14
3 87 1.17435e+14
3 88 3.06317e+13
3 89 4.76008e+13
3 90 8.24982e+13
3 91 1.2231e+14
3 92 1.93614e+13
3 93 9.89613e+13
3 94 1.12025e+13
3 95 2.81005e+13
3 96 1.92152e+14
3 97 1.76907e+14
3 98 1.34193e+13
3 99 3.43357e+13
4 0 3.63182e+13
4 1 1.63181e+14
4 2 4.20575e+13
4 3 7.15896e+13
4 4 3.71242e+13
4 5 1.19333e+13
4 6 8.13005e+13
4 7 2.80229e+13
4 8 2.19843e+13
4 9 1.03288e+14
4 10 1.38183e+14
4 11 7.0002e+13
4 12 1.7965e+13
4 13 1.78098e+13
4 14 1.70354e+14
4 15 6.84724e+13
4 16 5.84303e+13
4 17 5.08706e+13
4 18 2.7141e+13
4 19 6.03133e+13
4 20 1.07941e+13
4 21 6.73638e+13
4 22 1.40904e+13
4 23 1.28868e+13
4 24 1.09598e+13
4 25 2.41626e+13
4 26 1.69307e+13
4 27 1.48327e+14
4 28 1.43173e+13
4 29 1.76162e+14
4 30 1.18708e+14
4 31 1.402e+13
4 32 2.03825e+13
4 33 4.18911e+13
4 34 1.73269e+14
4 35 1.93499e+13
4 36 1.87002e+14
4 37 2.71386e+13
4 38 1.80873e+14
4 39 1.48713e+14
4 40 4.0163e+13
4 41 6.58667e+13
4 42 2.80505e+13
4 43 5.80379e+13
4 44 2.02074e+13
4 45 1.12054e+14
4 46 1.32967e+14
4 47 2.66507e+13
4 48 7.35625e+13
4 49 1.76974e+14
4 50 1.32201e+13
4 51 5.6791e+13
4 52 1.7509e+14
4 53 1.60128e+14
4 54 2.13915e+13
4 55 2.94546e+13
4 56 6.00569e+13
4 57 5.94728e+13
4 58 1.26825e+14
4 59 1.94378e+13
4 60 1.88149e+14
4 61 1.22704e+14
4 62 1.69915e+14
4 63 1.49613e+13
4 64 1.74685e+14
4 65 4.05823e+13
4 66 9.67117e+13
4 67 1.18732e+13
4 68 1.38241e+14
4 69 4.79675e+13
4 70 2.85654e+13
4 71 1.89632e+13
4 72 8.37937e+13
4 73 1.44302e+13
4 74 1.26875e+14
4 75 1.06385e+13
4 76 7.23555e+13
4 77 8.00646e+13
4 78 4.2125e+13
4 79 2.82741e+13
4 80 3.99857e+13
4 81 1.35741e+13
4 82 4.66752e+13
4 83 1.36141e+14
4 84 2.02353e+13
4 85 3.57074e+13
4 86 9.50317e+13
4 87 1.78835e+14
4 88 1.34351e+13
4 89 3.0921e+13
4 90 6.01427e+13
4 91 2.95525e+13
4 92 3.34879e+13
4 93 5.12469e+13
4 94 1.36955e+13
4 95 1.57137e+14
4 96 7.58356e+13
4 97 1.89686e+14
4 98 8.50714e+13
4 99 1.21674e+14
5 0 2.47447e+13
5 1 1.69788e+14
5 2 1.41425e+13
5 3 1.1634e+14
5 4 1.90943e+13
5 5 8.17194e+13
5 6 1.20153e+13
5 7 2.79689e+13
5 8 1.5333e+13
5 9 1.65171e+14
5 10 8.14096e+13
5 11 8.57226e+13
5 12 3.20845e+13
5 13 3.34748e+13
5 14 3.24924e+13
5 15 7.10034e+13
5 16 1.18948e+13
5 17 1.55834e+13
5 18 2.05918e+13
5 19 5.07466e+13
5 20 1.38749e+13
5 21 5.68785e+13
5 22 1.18581e+14
5 23 2.305e+13
5 24 1.62115e+14
5 25 7.2804e+13
5 26 7.94701e+13
5 27 1.59806e+14
5 28 1.51301e+14
5 29 1.92191e+14
5 30 3.16723e+13
5 31 1.73364e+13
5 32 2.22189e+13
5 33 7.38519e+13
5 34 6.15658e+13
5 35 4.42176e+13
5 36 2.45039e+13
5 37 1.87607e+14
5 38 2.38981e+13
5 39 3.69948e+13
5 40 6.38674e+13
5 41 1.32312e+14
5 42 1.19113e+13
5 43 1.69321e+14
5 44 5.01088e+13
5 45 9.19736e+13
5 46 2.02357e+13
5 47 5.60023e+13
5 48 1.61423e+14
5 49 1.90221e+14
5 50 5.63302e+13
5 51 1.54463e+14
5 52 7.03585e+13
5 53 1.03838e+14
5 54 1.99241e+13
5 55 1.43964e+14
5 56 1.72654e+13
5 57 2.49145e+13
5 58 1.80954e+14
5 59 7.44361e+13
5 60 5.10942e+13
5 61 8.71169e+13
5 62 1.62251e+13
5 63 1.5409e+13
5 64 1.78341e+13
5 65 1.077e+13
5 66 2.34216e+13
5 67 1.63665e+13
5 68 1.76711e+13
5 69 1.12765e+14
5 70 1.62561e+13
5 71 1.08981e+14
5 72 1.01842e+13
5 73 1.40562e+13
5 74 2.40616e+13
5 75 2.49935e+13
5 76 6.43312e+13
5 77 1.52746e+13
5 78 6.56311e+13
5 79 6.05977e+13
5 80 1.76635e+13
5 81 2.77087e+13
5 82 9.24015e+13
5 83 2.08962e+13
5 84 1.3127e+13
5 85 5.57794e+13
5 86 7.7558e+13
5 87 3.4388e+13
5 88 5.08631e+13
5 89 3.9832e+13
5 90 2.5503e+13
5 91 4.05466e+13
5 92 5.8845e+13
5 93 7.91115e+13
5 94 2.80564e+13
5 95 1.1437e+14
5 96 6.22894e+13
5 97 7.55989e+13
5 98 2.14505e+13
5 99 3.89014e+13
6 0 1.09816e+14
6 1 1.0001e+13
6 2 2.47243e+13
6 3 2.83953e+13
6 4 1.62113e+13
6 5 1.55902e+13
6 6 3.38289e+13
6 7 4.1771e+13
6 8 2.55999e+13
6 9 5.69589e+13
6 10 1.75533e+14
6 11 1.33834e+13
6 12 1.20095e+13
6 13 1.55006e+13
6 14 2.65699e+13
6 15 5.50852e+13
6 16 6.86503e+13
6 17 1.25181e+14
6 18 1.88966e+14
6 19 5.03881e+13
6 20 8.23117e+13
6 21 1.29565e+13
6 22 2.8945e+13
6 23 1.26854e+14
6 24 6.96668e+13
6 25 1.65217e+14
6 26 1.21655e+14
6 27 1.17886e+13
6 28 9.43592e+13
6 29 1.05937e+13
6 30 2.08691e+13
6 31 1.12293e+14
6 32 2.06206e+13
6 33 1.99513e+14
6 34 9.56062e+13
6 35 4.27167e+13
6 36 8.77527e+13
6 37 3.97509e+13
6 38 8.74266e+13
6 39 1.94501e+13
6 40 1.45586e+13
6 41 1.25389e+14
6 42 5.22798e+13
6 43 9.98229e+13
6 44 2.654e+13
6 45 4.33342e+13
6 46 1.54604e+14
6 47 3.97708e+13
6 48 1.47962e+13
6 49 5.69954e+13
6 50 1.22059e+13
6 51 8.76317e+13
6 52 9.69059e+13
6 53 1.38092e+14
6 54 9.83143e+13
6 55 2.01889e+13
6 56 1.26188e+14
6 57 3.53979e+13
6 58 1.13426e+14
6 59 2.07845e+13
6 60 7.75379e+13
6 61 1.90719e+13
6 62 3.01843e+13
6 63 3.49724e+13
6 64 4.61066e+13
6 65 1.74047e+13
6 66 4.57896e+13
6 67 1.51446e+14
6 68 9.99566e+13
6 69 1.78813e+14
6 70 1.51263e+13
6 71 9.50319e+13
6 72 6.08579e+13
6 73 1.95486e+13
6 74 1.64084e+13
6 75 6.31116e+13
6 76 1.95131e+14
6 77 3.46246e+13
6 78 2.97716e+13
6 79 1.17658e+13
6 80 2.95543e+13
6 81 2.60065e+13
6 82 1.26219e+14
6 83 4.15109e+13
6 84 7.7808e+13
6 85 9.63873e+13
6 86 2.7092e+13
6 87 4.61943e+13
6 88 1.37203e+13
6 89 1.48311e+13
6 90 3.03388e+13
6 91 2.30585e+13
6 92 4.94495e+13
6 93 1.48022e+13
6 94 1.45365e+13
6 95 1.71962e+13
6 96 1.59455e+13
6 97 1.18687e+13
6 98 1.26193e+14
6 99 1.86762e+14
7 0 2.01965e+13
7 1 4.41574e+13
7 2 1.47386e+14
7 3 2.05722e+13
7 4 9.79958e+13
7 5 4.15456e+13
7 6 1.76473e+14
7 7 3.1805e+13
7 8 2.07679e+13
7 9 2.09829e+13
7 10 6.30139e+13
7 11 3.30406e+13
7 12 4.64251e+13
7 13 1.29358e+14
7 14 1.59347e+14
7 15 1.65548e+13
7 16 9.14357e+13
7 17 2.02367e+13
7 18 1.58108e+14
7 19 1.75549e+13
7 20 2.856e+13
7 21 1.07127e+13
7 22 5.28508e+13
7 23 2.64259e+13
7 24 1.39714e+13
7 25 1.96852e+13
7 26 1.15791e+14
7 27 3.96715e+13
7 28 4.53716e+13
7 29 4.26329e+13
7 30 1.36598e+13
7 31 1.0195e+13
7 32 2.41565e+13
7 33 1.97301e+14
7 34 1.21498e+14
7 35 1.6991e+13
7 36 3.48297e+13
7 37 1.92212e+14
7 38 1.97378e+13
7 39 1.69525e+13
7 40 1.16583e+14
7 41 1.05652e+13
7 42 3.3723e+13
7 43 5.63782e+13
7 44 2.8753e+13
7 45 2.59836e+13
7 46 1.70005e+13
7 47 3.66993e+13
7 48 1.45421e+13
7 49 1.36188e+14
7 50 2.27213e+13
7 51 1.05405e+13
7 52 1.25799e+13
7 53 1.29007e+13
7 54 1.50951e+13
7 55 1.07508e+13
7 56 9.18157e+13
7 57 3.18231e+13
7 58 3.77017e+13
7 59 3.83609e+13
7 60 1.19161e+14
7 61 1.46851e+14
7 62 3.29196e+13
7 63 1.28518e+14
7 64 4.82544e+13
7 65 9.42596e+13
7 66 5.689e+13
7 67 8.25436e+13
7 68 4.69531e+13
7 69 1.06389e+13
7 70 1.63371e+14
7 71 3.93333e+13
7 72 2.71108e+13
7 73 4.88819e+13
7 74 1.31638e+13
7 75 5.50234e+13
7 76 1.42e+14
7 77 1.30333e+14
7 78 4.07022e+13
7 79 7.52368e+13
7 80 1.90967e+13
7 81 9.43146e+13
7 82 1.81827e+14
7 83 1.62185e+13
7 84 1.95918e+13
7 85 1.75629e+14
7 86 5.20282e+13
7 87 2.43223e+13
7 88 1.23346e+14
7 89 1.73274e+13
7 90 1.5356e+13
7 91 1.59735e+13
7 92 6.59424e+13
7 93 8.2521e+13
7 94 5.20975e+13
7 95 1.664e+13
7 96 1.54715e+14
7 97 1.75372e+14
7 98 1.38401e+14
7 99 1.41988e+14
8 0 1.96581e+14
8 1 7.72624e+13
8 2 6.01607e+13
8 3 9.07671e+13
8 4 7.00903e+13
8 5 1.14965e+14
8 6 1.33534e+14
8 7 3.04271e+13
8 8 4.36668e+13
8 9 1.08503e+14
8 10 1.1696e+14
8 11 1.65354e+14
8 12 6.05059e+13
8 13 1.95103e+14
8 14 3.86207e+13
8 15 7.42118e+13
8 16 1.36183e+13
8 17 4.19437e+13
8 18 1.59641e+13
8 19 8.89979e+13
8 20 1.5195e+13
8 21 1.79374e+14
8 22 1.39304e+14
8 23 1.51682e+13
8 24 1.65595e+14
8 25 7.38585e+13
8 26 9.88636e+13
8 27 3.81345e+13
8 28 4.71696e+13
8 29 1.38233e+14
8 30 1.71415e+13
8 31 7.91274e+13
8 32 7.06139e+13
8 33 1.1967e+14
8 34 2.06031e+13
8 35 5.72367e+13
8 36 1.62002e+13
8 37 6.87487e+13
8 38 4.86347e+13
8 39 1.05744e+14
8 40 2.4914e+13
8 41 7.20894e+13
8 42 1.24166e+14
8 43 6.82964e+13
8 44 1.19319e+13
8 45 2.50368e+13
8 46 1.5622e+13
8 47 5.02433e+13
8 48 2.35825e+13
8 49 8.34901e+13
8 50 9.12652e+13
8 51 1.07418e+13
8 52 4.89545e+13
8 53 1.31111e+14
8 54 3.81347e+13
8 55 1.16221e+14
8 56 3.85017e+13
8 57 3.70207e+13
8 58 3.11018e+13
8 59 1.29859e+13
8 60 2.52948e+13
8 61 1.10313e+13
8 62 4.50253e+13
8 63 5.21637e+13
8 64 6.2158e+13
8 65 1.26606e+14
8 66 1.01969e+13
8 67 6.69484e+13
8 68 2.00345e+13
8 69 1.94906e+13
8 70 1.39981e+13
8 71 2.08636e+13
8 72 1.33809e+13
8 73 2.83443e+13
8 74 1.00078e+13
8 75 3.74591e+13
8 76 7.10504e+13
8 77 4.01855e+13
8 78 1.48824e+14
8 79 1.03705e+13
8 80 1.64551e+13
8 81 1.98577e+14
8 82 3.02741e+13
8 83 2.60874e+13
8 84 8.93148e+13
8 85 1.19643e+14
8 86 2.64265e+13
8 87 1.36982e+13
8 88 1.9878e+13
8 89 1.99154e+13
8 90 3.68853e+13
8 91 3.6058e+13
8 92 1.56099e+14
8 93 5.82744e+13
8 94 1.3366e+14
8 95 1.04681e+13
8 96 1.72575e+14
8 97 5.6587e+13
8 98 1.96001e+14
8 99 1.42462e+14
9 0 1.08008e+13
9 1 1.62956e+13
9 2 5.91378e+13
9 3 2.14836e+13
9 4 1.14292e+13
9 5 3.90205e+13
9 6 1.2381e+14
9 7 3.39847e+13
9 8 1.48749e+13
9 9 2.27634e+13
9 10 1.18168e+14
9 11 4.00343e+13
9 12 5.54045e+13
9 13 2.26973e+13
9 14 1.02155e+14
9 15 2.68699e+13
9 16 7.23101e+13
9 17 1.02627e+14
9 18 4.74532e+13
9 19 9.96087e+13
9 20 1.25111e+14
9 21 2.37351e+13
9 22 2.14487e+13
9 23 1.21467e+14
9 24 1.89807e+14
9 25 6.32562e+13
9 26 3.4662e+13
9 27 1.33349e+13
9 28 3.44077e+13
9 29 2.4138e+13
9 30 1.01781e+13
9 31 4.28626e+13
9 32 4.57582e+13
9 33 1.37375e+14
9 34 1.26694e+14
9 35 6.77375e+13
9 36 2.27473e+13
9 37 2.42354e+13
9 38 3.2513e+13
9 39 2.11228e+13
9 40 7.25914e+13
9 41 1.73236e+14
9 42 6.45849e+13
9 43 1.80116e+13
9 44 1.09251e+14
9 45 1.11973e+13
9 46 6.97777e+13
9 47 2.07587e+13
9 48 6.70158e+13
9 49 1.11802e+13
9 50 2.41476e+13
9 51 7.49904e+13
9 52 8.12768e+13
9 53 1.48868e+14
9 54 5.51298e+13
9 55 3.4528e+13
9 56 1.65799e+13
9 57 1.385e+13
9 58 4.45674e+13
9 59 4.36268e+13
9 60 3.76965e+13
9 61 1.35129e+13
9 62 3.22798e+13
9 63 1.12816e+13
9 64 7.26446e+13
9 65 4.09911e+13
9 66 4.9263e+13
9 67 9.01932e+13
9 68 1.95597e+13
9 69 1.87683e+14
9 70 1.65559e+14
9 71 1.31837e+13
9 72 1.08022e+13
9 73 1.20778e+14
9 74 2.75339e+13
9 75 8.50447e+13
9 76 2.92824e+13
9 77 1.57398e+13
9 78 2.23509e+13
9 79 7.87243e+13
9 80 1.058e+14
9 81 4.13613e+13
9 82 8.19043e+13
9 83 1.11219e+13
9 84 5.6933e+13
9 85 1.26637e+13
9 86 1.07936e+13
9 87 2.04024e+13
9 88 1.16325e+13
9 89 1.61027e+14
9 90 1.45831e+14
9 91 1.3287e+14
9 92 1.09694e+14
9 93 4.03085e+13
9 94 1.08983e+13
9 95 1.06472e+13
9 96 1.44423e+13
9 97 1.47454e+14
9 98 1.76206e+14
9 99 1.96305e+14
